PM25,PM10,O3
,,
,,
,,
,,
,,
,,
,,
,,
,,
,,
,,
,,
,,
,,
,,
,,
,,
,,
,,
,,
,,
,,
,,
,,
,,
,,
,,
,,
,,
,,
,,
,,
,,
,,
,,
,,
,,
,,
,,
,,
,,
,,
,,
,,
,,
,,
,,
,,
,,
,,
,,
,,
,,
,,
,,
,,
,,
,,
,,
,,
,,
,,
,,
,,
,,
,,
,,
,,
,,
,,
,,
,,
,,
,,
,,
,,
,,
,,
,,
,,
,,
,,
,,
,,
,,
,,
,,
,,
,,
,,
,,
,,
,,
,,
,,
,,
,,
,,
,,
,,
,,
,,
,,
,,
,,
,,
,,
,,
,,
,,
,,
,,
,,
,,
,,
,,
,,
,,
,,
,,
,,
,,
,,
,,
,,
,,
,,
,,
,,
,,
,,
,,
,,
,,
,,
,,
,,
,,
,,
,,
,,
,,
,,
,,
,,
,,
,,
,,
,,
,,
,,
,,
,,
,,
,,
,,
,,
,,
,,
,,
,,
,,
,,
,,
,,
,,
,,
,,
,,
,,
,,
,,
,,
,,
,,
,,
,,
,,
,,
,,
,,
,,
,,
,,
,,
,,
,,
,,
,,
,,
,,
,,
,,
,,
,,
,,
,,
,,
,,
,,
,,
,,
,,
,,
,,
,,
,,
,,
,,
,,
,,
,,
,,
,,
,,
,,
,,
,,
,,
,,
,,
,,
,,
,,
,,
,,
,,
,,
,,
,,
,,
,,
,,
,,
,,
,,
,,
,,
,,
,,
,,
,,
,,
,,
,,
,,
,,
,,
,,
,,
,,
,,
,,
,,
,,
,,
,,
,,
,,
,,
,,
,,
,,
,,
,,
,,
,,
,,
,,
,,
,,
,,
,,
,,
,,
,,
,,
,,
,,
,,
,,
,,
,,
,,
,,
,,
,,
,,
,,
,,
,,
,,
,,
,,
,,
,,
,,
,,
,,
,,
,,
,,
,,
,,
,,
,,
,,
,,
,,
,,
,,
,,
,,
,,
,,
,,
,,
,,
,,
,,
,,
,,
,,
,,
,,
,,
,,
,,
,,
,,
,,
,,
,,
,,
,,
,,
,,
,,
,,
,,
,,
,,
,,
,,
,,
,,
,,
,,
,,
,,
,,
,,
,,
,,
,,
,,
,,
,,
,,
,,
,,
,,
,,
,,
,,
,,
,,
,,
,,
,,
,,
,,
,,
,,
,,
,,
,,
,,
,,
,,
,,
,,
,,
,,
,,
,,
,,
,,
,,
,,
,,
,,
,,
,,
,,
,,
,,
,,
,,
,,
,,
,,
,,
,,
,,
,,
,,
,,
,,
,,
,,
,,
,,
,,
,,
,,
,,
,,
,,
,,
,,
,,
,,
,,
,,
,,
,,
,,
,,
,,
,,
,,
,,
,,
,,
,,
,,
,,
,,
,,
,,
,,
,,
,,
,,
,,
,,
,,
,,
,,
,,
,,
,,
,,
,,
,,
,,
,,
,,
,,
,,
,,
,,
,,
,,
,,
,,
,,
,,
,,
,,
,,
,,
,,
,,
,,
,,
,,
,,
,,
13.493111,15.072629,13.200025
13.878201,15.709271,13.581217
13.910338,15.748257,13.590355
13.917822,15.753336,13.585751
13.920112,15.755365,13.582801
13.920779,15.756775,13.581249
13.920906,15.757869,13.580381
13.920868,15.758743,13.57983
13.920797,15.759462,13.5794325
13.920738,15.760057,13.579107
13.92071,15.760558,13.578827
13.920714,15.760982,13.578577
13.920749,15.76134,13.578348
13.9208145,15.761647,13.578134
13.920907,15.761909,13.577934
13.921021,15.762131,13.577746
13.921154,15.7623205,13.577567
13.921304,15.762484,13.577396
13.921466,15.762622,13.577232
13.9216385,15.76274,13.577073
13.921819,15.762842,13.576916
13.922007,15.762926,13.576767
13.9222,15.762998,13.576617
13.922397,15.76306,13.576471
13.922598,15.763112,13.576327
13.9228,15.763153,13.576184
13.923005,15.763187,13.576045
13.923207,15.763216,13.575908
13.923412,15.763239,13.575766
13.923615,15.76326,13.575629
13.92382,15.763272,13.575491
13.924021,15.763284,13.575355
13.924222,15.763289,13.575218
13.924421,15.763294,13.575081
13.924618,15.763296,13.574947
13.924814,15.763295,13.57481
13.925007,15.763293,13.574676
13.9251995,15.763289,13.574541
13.925391,15.763284,13.574406
13.92558,15.763278,13.574271
13.925764,15.7632675,13.574137
13.925951,15.76326,13.574002
13.926131,15.763246,13.57387
13.926313,15.763238,13.573736
13.926491,15.763225,13.573602
13.926667,15.763213,13.57347
13.926843,15.763199,13.573339
13.927014,15.763185,13.573207
13.493322,15.074227,13.199885
13.877118,15.707698,13.579151
13.909389,15.746786,13.588581
13.916958,15.752045,13.584253
13.919309,15.754224,13.581515
13.920026,15.755761,13.580128
13.9201975,15.75696,13.579397
13.9201975,15.757925,13.578959
13.920157,15.758716,13.578652
13.920129,15.759376,13.578406
13.920126,15.759932,13.578196
13.920155,15.760404,13.578004
13.920215,15.760807,13.577826
13.9203,15.761148,13.577656
13.92041,15.761445,13.577494
13.920543,15.761694,13.57734
13.9206915,15.761913,13.577192
13.920857,15.762098,13.577046
13.921031,15.762256,13.576905
13.921218,15.762397,13.576766
13.92141,15.762513,13.576631
13.921611,15.762613,13.576496
13.921815,15.7627,13.576364
13.922021,15.762774,13.57623
13.922233,15.762838,13.5760975
13.922443,15.762892,13.575966
13.922654,15.762938,13.575834
13.922866,15.762976,13.575705
13.923078,15.763006,13.575573
13.923289,15.763034,13.575442
13.923498,15.763054,13.57531
13.923706,15.763072,13.575179
13.923913,15.763088,13.575049
13.924118,15.763096,13.574918
13.92432,15.7631035,13.574785
13.924522,15.763108,13.574654
13.924722,15.763109,13.574522
13.924919,15.76311,13.57439
13.925114,15.763109,13.574258
13.925305,15.763105,13.574126
13.925495,15.763102,13.573997
13.925685,15.763097,13.573866
13.925869,15.763091,13.573734
13.926054,15.763083,13.573602
13.926237,15.763074,13.57347
13.926415,15.763063,13.573339
13.926595,15.763053,13.573212
13.92677,15.7630415,13.57308
13.491476,15.072565,13.199429
13.874933,15.705653,13.5787115
13.907313,15.744805,13.588129
13.915029,15.7501955,13.583801
13.917511,15.752508,13.58108
13.918337,15.754165,13.579717
13.918598,15.755471,13.579012
13.918674,15.756533,13.578599
13.918701,15.757408,13.578318
13.918729,15.758142,13.578091
13.918777,15.758766,13.577898
13.91885,15.759298,13.577724
13.918948,15.759749,13.57756
13.91907,15.76014,13.577405
13.919211,15.760476,13.577256
13.919369,15.760765,13.577113
13.919546,15.761017,13.576976
13.919734,15.761232,13.5768385
13.919931,15.761419,13.576706
13.920137,15.76158,13.576573
13.92035,15.761722,13.576444
13.920567,15.761842,13.576316
13.920785,15.761948,13.576188
13.921009,15.76204,13.576061
13.921233,15.762117,13.5759325
13.921458,15.762187,13.575806
13.921684,15.762246,13.575681
13.921909,15.762298,13.575551
13.922133,15.762342,13.575424
13.922356,15.76238,13.575297
13.922577,15.762412,13.575169
13.922796,15.762439,13.575041
13.923014,15.762463,13.574912
13.923227,15.762484,13.574783
13.923442,15.7625,13.574656
13.923654,15.762511,13.574525
13.92386,15.762523,13.574395
13.924066,15.76253,13.574266
13.924272,15.762539,13.574139
13.924473,15.762543,13.574008
13.924672,15.762545,13.573878
13.92487,15.762547,13.573749
13.925064,15.762548,13.573619
13.925257,15.7625475,13.573488
13.9254465,15.762544,13.57336
13.925635,15.762542,13.573232
13.925821,15.762539,13.573103
13.926005,15.762533,13.572975
13.488057,15.067155,13.1981535
13.875728,15.708201,13.581909
13.9082365,15.747444,13.591048
13.915929,15.752568,13.586378
13.918368,15.754629,13.583379
13.919152,15.756068,13.581787
13.919372,15.757192,13.580893
13.919408,15.758095,13.5803175
13.919393,15.758837,13.579894
13.919383,15.759455,13.579552
13.919395,15.759973,13.579257
13.919435,15.760414,13.578989
13.919501,15.76079,13.578746
13.919593,15.761112,13.578519
13.919705,15.761388,13.578307
13.919842,15.761621,13.578107
13.91999,15.761825,13.577917
13.920153,15.761998,13.577737
13.920329,15.762146,13.577562
13.920515,15.762273,13.577396
13.920707,15.7623825,13.57723
13.920906,15.762478,13.577073
13.921108,15.762557,13.576917
13.921315,15.762625,13.576764
13.921527,15.762685,13.576616
13.921737,15.762734,13.5764675
13.921948,15.762776,13.576322
13.922162,15.762812,13.576178
13.922375,15.762841,13.576034
13.922587,15.762866,13.5758915
13.922798,15.762887,13.575749
13.923006,15.762902,13.575609
13.923215,15.762916,13.575469
13.923422,15.762925,13.575329
13.923626,15.762931,13.57519
13.923831,15.762937,13.575049
13.924032,15.762941,13.574912
13.924233,15.762941,13.574774
13.924431,15.76294,13.574636
13.924626,15.7629385,13.574499
13.924821,15.762934,13.574362
13.925013,15.76293,13.574225
13.925203,15.762925,13.57409
13.925391,15.762917,13.573956
13.925578,15.762909,13.57382
13.925762,15.762901,13.573684
13.925944,15.762892,13.57355
13.926126,15.762883,13.573418
,,
,,
,,
,,
,,
,,
,,
,,
,,
,,
,,
,,
,,
,,
,,
,,
,,
,,
,,
,,
,,
,,
,,
,,
,,
,,
,,
,,
,,
,,
,,
,,
,,
,,
,,
,,
,,
,,
,,
,,
,,
,,
,,
,,
,,
,,
,,
,,
,,
,,
,,
,,
,,
,,
,,
,,
,,
,,
,,
,,
,,
,,
,,
,,
,,
,,
,,
,,
,,
,,
,,
,,
,,
,,
,,
,,
,,
,,
,,
,,
,,
,,
,,
,,
,,
,,
,,
,,
,,
,,
,,
,,
,,
,,
,,
,,
,,
,,
,,
,,
,,
,,
,,
,,
,,
,,
,,
,,
,,
,,
,,
,,
,,
,,
,,
,,
,,
,,
,,
,,
,,
,,
,,
,,
,,
,,
,,
,,
,,
,,
,,
,,
,,
,,
,,
,,
,,
,,
,,
,,
,,
,,
,,
,,
,,
,,
,,
,,
,,
,,
,,
,,
,,
,,
,,
,,
,,
,,
,,
,,
,,
,,
,,
,,
,,
,,
,,
,,
,,
,,
,,
,,
,,
,,
,,
,,
,,
,,
,,
,,
,,
,,
,,
,,
,,
,,
,,
,,
,,
,,
,,
,,
,,
,,
,,
,,
,,
,,
,,
,,
,,
,,
,,
,,
,,
,,
,,
,,
,,
,,
,,
,,
,,
,,
,,
,,
,,
,,
,,
,,
,,
,,
,,
,,
,,
,,
,,
,,
,,
,,
,,
,,
,,
,,
,,
,,
,,
,,
,,
,,
,,
,,
,,
,,
,,
,,
,,
,,
,,
,,
,,
,,
,,
,,
,,
,,
,,
,,
,,
,,
,,
,,
,,
,,
,,
,,
,,
,,
,,
,,
,,
,,
,,
,,
,,
,,
,,
,,
,,
,,
,,
,,
,,
,,
,,
,,
,,
,,
,,
,,
,,
,,
,,
,,
,,
,,
,,
,,
,,
,,
,,
,,
,,
,,
,,
,,
,,
,,
,,
,,
,,
,,
,,
,,
,,
,,
,,
,,
,,
,,
,,
,,
,,
,,
,,
,,
,,
,,
,,
,,
,,
,,
,,
,,
,,
,,
,,
,,
,,
,,
,,
,,
,,
,,
,,
,,
,,
,,
,,
,,
,,
,,
,,
,,
,,
,,
,,
,,
,,
,,
,,
,,
,,
,,
,,
,,
,,
,,
,,
,,
,,
,,
,,
,,
,,
,,
,,
,,
,,
,,
,,
,,
,,
,,
13.488958,15.072931,13.199298
13.871895,15.704492,13.5777235
13.90463,15.743663,13.587318
13.91262,15.749129,13.583133
13.915305,15.751503,13.58052
13.9162855,15.753206,13.579241
13.916672,15.75455,13.578605
13.916847,15.755634,13.578241
13.916953,15.756534,13.578004
13.9170475,15.757288,13.577817
13.917153,15.757928,13.577657
13.9172735,15.7584715,13.577508
13.917411,15.758939,13.577367
13.917568,15.759343,13.577232
13.917743,15.759691,13.577102
13.917932,15.759992,13.576975
13.918131,15.760254,13.576849
13.918343,15.760481,13.576725
13.918561,15.76068,13.576602
13.918786,15.760853,13.576481
13.919017,15.761006,13.576361
13.919251,15.761138,13.57624
13.919488,15.761253,13.5761175
13.919726,15.761355,13.575997
13.919966,15.761443,13.575876
13.920205,15.761523,13.575754
13.920444,15.761594,13.575628
13.920682,15.761652,13.575508
13.9209175,15.761705,13.575384
13.921154,15.761751,13.575262
13.921387,15.761795,13.575135
13.921619,15.761831,13.575009
13.921847,15.761863,13.574884
13.922075,15.76189,13.574759
13.922301,15.761914,13.574632
13.922523,15.761936,13.574504
13.922743,15.761954,13.574376
13.922961,15.761971,13.574248
13.923175,15.761987,13.5741205
13.923386,15.761996,13.573994
13.923596,15.762009,13.573865
13.923804,15.762015,13.573737
13.924008,15.762024,13.573609
13.9242115,15.76203,13.573482
13.924414,15.762035,13.573352
13.92461,15.762036,13.573225
13.924805,15.762041,13.573097
13.925001,15.76204,13.572971
,,
,,
,,
,,
,,
,,
,,
,,
,,
,,
,,
,,
,,
,,
,,
,,
,,
,,
,,
,,
,,
,,
,,
,,
,,
,,
,,
,,
,,
,,
,,
,,
,,
,,
,,
,,
,,
,,
,,
,,
,,
,,
,,
,,
,,
,,
,,
,,
,,
,,
,,
,,
,,
,,
,,
,,
,,
,,
,,
,,
,,
,,
,,
,,
,,
,,
,,
,,
,,
,,
,,
,,
,,
,,
,,
,,
,,
,,
,,
,,
,,
,,
,,
,,
,,
,,
,,
,,
,,
,,
,,
,,
,,
,,
,,
,,
,,
,,
,,
,,
,,
,,
,,
,,
,,
,,
,,
,,
,,
,,
,,
,,
,,
,,
,,
,,
,,
,,
,,
,,
,,
,,
,,
,,
,,
,,
,,
,,
,,
,,
,,
,,
,,
,,
,,
,,
,,
,,
,,
,,
,,
,,
,,
,,
,,
,,
,,
,,
,,
,,
,,
,,
,,
,,
,,
,,
,,
,,
,,
,,
,,
,,
,,
,,
,,
,,
,,
,,
,,
,,
,,
,,
,,
,,
,,
,,
,,
,,
,,
,,
,,
,,
,,
,,
,,
,,
,,
,,
,,
,,
,,
,,
,,
,,
,,
,,
,,
,,
,,
,,
,,
,,
,,
,,
,,
,,
,,
,,
,,
,,
,,
,,
,,
,,
,,
,,
,,
,,
,,
,,
,,
,,
,,
,,
,,
,,
,,
,,
,,
,,
,,
,,
,,
,,
,,
,,
,,
,,
,,
,,
,,
,,
,,
,,
,,
,,
,,
,,
,,
,,
,,
,,
,,
,,
,,
,,
,,
,,
,,
,,
,,
,,
,,
,,
,,
,,
,,
,,
,,
,,
,,
,,
,,
,,
,,
,,
,,
,,
,,
,,
,,
,,
,,
,,
,,
,,
,,
,,
13.488784,15.068511,13.197996
13.872911,15.703137,13.577871
13.905442,15.742676,13.587325
13.913323,15.748334,13.583069
13.915963,15.750869,13.580438
13.916929,15.752715,13.579162
13.9173155,15.754183,13.57854
13.917494,15.755386,13.578198
13.91761,15.756386,13.57798
13.917715,15.757228,13.577814
13.917827,15.757946,13.57767
13.917958,15.758557,13.5775385
13.918104,15.759083,13.577416
13.918267,15.759533,13.577292
13.918446,15.759923,13.577174
13.918638,15.760261,13.577058
13.918843,15.7605505,13.576941
13.919054,15.760802,13.576824
13.919273,15.761021,13.576711
13.919499,15.761208,13.576592
13.91973,15.761373,13.576478
13.919963,15.761516,13.57636
13.920197,15.761638,13.576241
13.920434,15.761746,13.576123
13.9206705,15.76184,13.576003
13.920905,15.761922,13.575883
13.921141,15.7619915,13.575761
13.921373,15.762054,13.575641
13.921607,15.762107,13.575517
13.921839,15.762151,13.575394
13.922067,15.762191,13.575269
13.922292,15.762225,13.575144
13.922515,15.762254,13.575018
13.922738,15.762279,13.574891
13.9229555,15.7623,13.574764
13.923174,15.762317,13.574636
13.923388,15.762334,13.574509
13.923599,15.762346,13.574379
13.923809,15.762357,13.57425
13.924014,15.7623625,13.574122
13.924219,15.762368,13.573995
13.92442,15.762372,13.573863
13.924621,15.762375,13.573734
13.924817,15.762376,13.573605
13.925011,15.762376,13.573477
13.925204,15.762376,13.573346
13.925393,15.762374,13.573218
13.92558,15.762371,13.573091
,,
,,
,,
,,
,,
,,
,,
,,
,,
,,
,,
,,
,,
,,
,,
,,
,,
,,
,,
,,
,,
,,
,,
,,
,,
,,
,,
,,
,,
,,
,,
,,
,,
,,
,,
,,
,,
,,
,,
,,
,,
,,
,,
,,
,,
,,
,,
,,
,,
,,
,,
,,
,,
,,
,,
,,
,,
,,
,,
,,
,,
,,
,,
,,
,,
,,
,,
,,
,,
,,
,,
,,
,,
,,
,,
,,
,,
,,
,,
,,
,,
,,
,,
,,
,,
,,
,,
,,
,,
,,
,,
,,
,,
,,
,,
,,
,,
,,
,,
,,
,,
,,
,,
,,
,,
,,
,,
,,
,,
,,
,,
,,
,,
,,
,,
,,
,,
,,
,,
,,
,,
,,
,,
,,
,,
,,
,,
,,
,,
,,
,,
,,
,,
,,
,,
,,
,,
,,
,,
,,
,,
,,
,,
,,
13.492003,15.070622,13.199381
13.879071,15.710769,13.582799
13.911286,15.74967,13.591803
13.9187355,15.754577,13.587023
13.92097,15.756469,13.583929
13.921581,15.757769,13.582258
13.921655,15.758775,13.581295
13.921566,15.759578,13.580667
13.921449,15.76023,13.580196
13.921351,15.760772,13.579812
13.921286,15.761224,13.579483
13.921259,15.761605,13.579186
13.921267,15.761928,13.5789175
13.921307,15.762202,13.578669
13.921376,15.762433,13.578439
13.921468,15.76263,13.578224
13.921582,15.762797,13.578021
13.921714,15.7629385,13.577827
13.921859,15.763061,13.577642
13.922019,15.76316,13.577466
13.922187,15.763246,13.577296
13.922361,15.763316,13.577129
13.922543,15.763377,13.576968
13.92273,15.763424,13.576812
13.922919,15.763466,13.576657
13.923113,15.763498,13.576507
13.923308,15.763525,13.576356
13.923505,15.763548,13.576206
13.923701,15.76356,13.576061
13.9239,15.763571,13.575916
13.924093,15.763579,13.575773
13.924292,15.763583,13.575628
13.924486,15.763585,13.575487
13.924679,15.763583,13.575344
13.924871,15.763579,13.575205
13.925063,15.763575,13.575065
13.925252,15.763566,13.574924
13.925441,15.763557,13.574787
13.925626,15.763549,13.574647
13.925811,15.763536,13.57451
13.925994,15.763524,13.574372
13.926175,15.763511,13.574234
13.9263525,15.763499,13.5741
13.926531,15.763484,13.573962
13.926705,15.763467,13.573826
13.926879,15.763452,13.57369
13.927051,15.763434,13.573558
13.927221,15.763417,13.573422
13.492432,15.071473,13.199364
13.878693,15.709905,13.581763
13.9109335,15.748882,13.590914
13.918408,15.753888,13.586255
13.920673,15.755851,13.58325
13.921306,15.757213,13.581647
13.921404,15.7582655,13.580738
13.921337,15.759108,13.580153
13.921241,15.759797,13.579722
13.921162,15.760367,13.579371
13.921111,15.760844,13.57907
13.921098,15.76125,13.578799
13.92112,15.761592,13.578551
13.921172,15.761882,13.578325
13.921253,15.762132,13.578111
13.921354,15.762341,13.5779085
13.921477,15.762521,13.577719
13.9216175,15.762673,13.57754
13.921771,15.762805,13.577366
13.921937,15.762915,13.577199
13.92211,15.763009,13.577039
13.922291,15.763087,13.5768795
13.922478,15.763154,13.576726
13.922669,15.76321,13.576575
13.922866,15.763257,13.576428
13.923062,15.763295,13.576281
13.923261,15.763327,13.576137
13.923462,15.763351,13.575994
13.923659,15.763371,13.575851
13.923861,15.763388,13.57571
13.924059,15.763398,13.575571
13.924257,15.763405,13.575431
13.924454,15.7634115,13.575292
13.92465,15.7634115,13.575152
13.924845,15.7634115,13.575016
13.925038,15.763408,13.574877
13.925229,15.763407,13.57474
13.925418,15.763399,13.574605
13.925607,15.763391,13.574469
13.925792,15.763383,13.574333
13.925975,15.763372,13.574197
13.926157,15.763362,13.574061
13.926338,15.763349,13.573928
13.926517,15.763337,13.573793
13.926692,15.763324,13.573659
13.9268675,15.76331,13.573525
13.927039,15.763294,13.573393
13.927211,15.76328,13.573262
