PM25,PM10,O3
13.462546,15.0450735,13.180021
13.852543,15.689371,13.566745
13.887348,15.730514,13.577783
13.896969,15.736888,13.57447
13.901013,15.739897,13.57251
13.903134,15.742113,13.57175
13.90448,15.743892,13.571536
13.905471,15.745362,13.571532
13.906276,15.746604,13.571598
13.906975,15.747666,13.571675
13.907606,15.748588,13.571743
13.908187,15.7493925,13.571802
13.908731,15.750103,13.571845
13.909249,15.7507305,13.571878
13.909746,15.75129,13.571899
13.910228,15.751788,13.571912
13.910691,15.752236,13.571916
13.911142,15.752643,13.571912
13.911581,15.753009,13.571905
13.912008,15.753343,13.571889
13.912425,15.753643,13.571868
13.912831,15.7539215,13.571841
13.913229,15.754176,13.571811
13.913618,15.754408,13.5717745
13.913996,15.754626,13.571733
13.914369,15.7548275,13.571689
13.914731,15.755013,13.57164
13.915088,15.755187,13.571588
13.915438,15.755349,13.571533
13.915776,15.755503,13.571475
13.916113,15.755647,13.571412
13.916438,15.755782,13.571347
13.916761,15.755908,13.57128
13.917076,15.756028,13.57121
13.917385,15.756142,13.571137
13.917691,15.756251,13.571063
13.917988,15.756353,13.570987
13.918281,15.756452,13.570909
13.9185705,15.756546,13.5708275
13.918854,15.756636,13.570745
13.919131,15.756722,13.570663
13.919405,15.756803,13.570579
13.919675,15.756881,13.570494
13.919939,15.756956,13.570407
13.920199,15.757029,13.570319
13.920458,15.757098,13.5702305
13.9207115,15.757166,13.570142
13.920961,15.757232,13.57005
13.445048,15.026632,13.166835
13.837782,15.674141,13.555514
13.874231,15.717045,13.568022
13.885085,15.724567,13.565784
13.890134,15.728452,13.5646515
13.893086,15.731377,13.564544
13.895136,15.733756,13.564861
13.896726,15.7357435,13.565298
13.898051,15.737439,13.565734
13.899205,15.738906,13.566132
13.900234,15.740184,13.56648
13.90117,15.741316,13.566783
13.902032,15.742322,13.567041
13.902839,15.743217,13.567267
13.903593,15.744023,13.567462
13.904307,15.74475,13.567632
13.904986,15.745411,13.56778
13.905633,15.746011,13.567906
13.906253,15.746561,13.568019
13.906847,15.747063,13.568112
13.90742,15.747527,13.568193
13.907969,15.747953,13.568261
13.908504,15.748352,13.568317
13.909017,15.748721,13.568365
13.909513,15.749065,13.568398
13.909995,15.749385,13.568428
13.910463,15.749686,13.568445
13.910917,15.74997,13.568458
13.911359,15.750233,13.568461
13.911789,15.750486,13.568462
13.912206,15.750726,13.56845
13.912614,15.750949,13.568437
13.913012,15.751164,13.5684185
13.913398,15.751368,13.568396
13.913775,15.75156,13.568369
13.914145,15.751745,13.568335
13.914505,15.751922,13.568298
13.914859,15.75209,13.568259
13.915205,15.7522545,13.568216
13.9155445,15.752409,13.5681715
13.915877,15.752559,13.568123
13.916203,15.752704,13.568071
13.916523,15.752841,13.568017
13.916835,15.7529745,13.567961
13.917144,15.753106,13.567903
13.917445,15.75323,13.5678425
13.917741,15.75335,13.5677805
13.918033,15.753467,13.567718
13.454509,15.036673,13.1753435
13.8474045,15.685719,13.564936
13.882788,15.727515,13.57628
13.892798,15.734132,13.573088
13.897164,15.737285,13.571199
13.899554,15.739604,13.570494
13.901132,15.741468,13.57032
13.902326,15.743016,13.5703535
13.903307,15.744327,13.570451
13.9041605,15.745451,13.57056
13.904928,15.746431,13.570657
13.905633,15.747292,13.570741
13.906288,15.748051,13.570812
13.906907,15.748727,13.570867
13.907495,15.74933,13.570912
13.908054,15.749873,13.570945
13.908594,15.7503605,13.570972
13.909115,15.750805,13.570989
13.9096155,15.751207,13.570997
13.9101,15.751574,13.571001
13.910571,15.751909,13.570995
13.911027,15.752218,13.570986
13.91147,15.752502,13.570969
13.9119005,15.752766,13.570948
13.912321,15.753011,13.57092
13.912731,15.753238,13.570889
13.913129,15.75345,13.570853
13.91352,15.753649,13.570815
13.913898,15.753837,13.570772
13.914271,15.754011,13.5707245
13.914632,15.754177,13.570672
13.914987,15.7543335,13.570621
13.915336,15.754482,13.570561
13.915675,15.754624,13.570503
13.916009,15.754756,13.570438
13.916333,15.754883,13.5703745
13.916655,15.755006,13.570306
13.916969,15.755122,13.570235
13.917277,15.755233,13.570164
13.917578,15.755338,13.570092
13.917878,15.75544,13.570017
13.918167,15.75554,13.569941
13.918454,15.755633,13.56986
13.918737,15.755723,13.569779
13.919015,15.755812,13.5697
13.919287,15.755896,13.569618
13.919556,15.755978,13.569537
13.919821,15.756057,13.569451
,,
,,
,,
,,
,,
,,
,,
,,
,,
,,
,,
,,
,,
,,
,,
,,
,,
,,
,,
,,
,,
,,
,,
,,
,,
,,
,,
,,
,,
,,
,,
,,
,,
,,
,,
,,
,,
,,
,,
,,
,,
,,
,,
,,
,,
,,
,,
,,
13.450096,15.032319,13.171365
13.842981,15.680875,13.560742
13.878859,15.723127,13.5726385
13.889264,15.730126,13.569886
13.893949,15.733594,13.568345
13.896602,15.73618,13.56791
13.8984,15.738269,13.567962
13.899779,15.740008,13.568178
13.900922,15.741487,13.56843
13.901914,15.742759,13.568667
13.9028,15.743871,13.568879
13.903612,15.744847,13.56906
13.904363,15.745711,13.569215
13.905067,15.746482,13.569347
13.90573,15.74717,13.569457
13.906362,15.74779,13.569552
13.906965,15.748352,13.569632
13.907541,15.748862,13.5696945
13.908097,15.749327,13.56975
13.908631,15.749749,13.569792
13.90915,15.750137,13.569823
13.909648,15.750495,13.569846
13.910131,15.750827,13.569861
13.910599,15.751134,13.569868
13.9110565,15.75142,13.56987
13.9115,15.751686,13.569861
13.911928,15.751932,13.56985
13.912348,15.752166,13.569831
13.912755,15.752385,13.569809
13.913154,15.75259,13.569779
13.913541,15.752786,13.569746
13.9139185,15.752971,13.569709
13.91429,15.753144,13.569668
13.914651,15.75331,13.56962
13.915005,15.7534685,13.569575
13.915351,15.753618,13.569523
13.91569,15.753761,13.569469
13.916021,15.753899,13.569411
13.916348,15.75403,13.569352
13.916666,15.754157,13.56929
13.91698,15.754275,13.569224
13.917286,15.754395,13.569158
13.917588,15.754504,13.56909
13.917885,15.754612,13.569022
13.918176,15.754717,13.56895
13.918462,15.754818,13.568875
13.918744,15.754913,13.568801
13.919022,15.755008,13.568727
13.458154,15.041231,13.177781
13.849977,15.6886215,13.566457
13.885089,15.729953,13.577568
13.894911,15.736335,13.574232
13.899122,15.739329,13.572246
13.901383,15.741532,13.571462
13.902846,15.743298,13.571227
13.90394,15.744759,13.571206
13.904837,15.745996,13.571259
13.905613,15.747056,13.571327
13.906309,15.747975,13.571389
13.906951,15.748779,13.571443
13.907548,15.749489,13.571483
13.908113,15.750117,13.571511
13.908654,15.750676,13.571531
13.90917,15.751179,13.571543
13.909668,15.751627,13.571546
13.910151,15.752031,13.571543
13.910616,15.752402,13.571534
13.911069,15.752738,13.571521
13.911508,15.753044,13.571499
13.911936,15.753323,13.571474
13.9123535,15.753583,13.5714445
13.912762,15.753819,13.571412
13.913157,15.754038,13.571374
13.9135475,15.754244,13.57133
13.913926,15.754434,13.571283
13.914297,15.754613,13.571234
13.914658,15.75478,13.571182
13.915011,15.754935,13.571124
13.915358,15.755083,13.571066
13.915699,15.75522,13.571004
13.916032,15.755351,13.570938
13.916359,15.755476,13.570871
13.916679,15.755593,13.570802
13.916995,15.755706,13.570729
13.917302,15.755812,13.570657
13.917605,15.755916,13.570579
13.917902,15.756013,13.570501
13.918195,15.756104,13.570423
13.918484,15.756194,13.570343
13.918764,15.75628,13.570262
13.919042,15.756365,13.570177
13.919316,15.756442,13.570095
13.919585,15.756518,13.570009
13.91985,15.756593,13.569922
13.920114,15.756665,13.569836
13.920368,15.756733,13.569747
13.455578,15.039246,13.175932
13.846922,15.685504,13.563874
13.882344,15.727132,13.575295
13.892432,15.733761,13.57222
13.896867,15.736954,13.570434
13.899314,15.739319,13.569814
13.900936,15.741221,13.569711
13.902164,15.742806,13.569801
13.903175,15.744145,13.569946
13.904054,15.745297,13.570095
13.904839,15.746299,13.570225
13.905559,15.747173,13.570337
13.906228,15.747948,13.570429
13.906855,15.748635,13.570505
13.90745,15.74925,13.57057
13.908018,15.749801,13.570617
13.908563,15.750297,13.570655
13.909084,15.750745,13.570681
13.909589,15.75115,13.5707
13.910077,15.751521,13.57071
13.91055,15.751859,13.570712
13.91101,15.7521715,13.570708
13.911454,15.752459,13.570698
13.911888,15.752724,13.570682
13.91231,15.75297,13.570659
13.91272,15.753198,13.570634
13.913121,15.75341,13.570601
13.913511,15.753609,13.570565
13.913894,15.753796,13.570525
13.914266,15.753972,13.570479
13.914629,15.754136,13.570432
13.914987,15.7542925,13.570378
13.915334,15.754441,13.570324
13.915673,15.754584,13.570267
13.916009,15.754713,13.570206
13.916335,15.754842,13.570143
13.9166565,15.754963,13.570079
13.91697,15.75508,13.570008
13.917281,15.75519,13.56994
13.917584,15.755296,13.569868
13.917882,15.755397,13.569796
13.918175,15.755494,13.569717
13.918462,15.755589,13.569641
13.918746,15.755678,13.569564
13.919023,15.755765,13.569486
13.919298,15.755849,13.569403
13.919567,15.755929,13.5693245
13.919833,15.756008,13.56924
13.457528,15.040763,13.177825
13.85005,15.68946,13.567307
13.885175,15.730749,13.578319
13.894996,15.737039,13.574875
13.899204,15.739954,13.572802
13.901461,15.742086,13.571946
13.902924,15.743795,13.571653
13.904012,15.745209,13.571589
13.904905,15.746402,13.5716
13.905676,15.747422,13.571634
13.906366,15.748309,13.57167
13.9070015,15.7490835,13.571696
13.907595,15.749765,13.571715
13.908156,15.750372,13.571725
13.908692,15.750911,13.571727
13.909202,15.751393,13.571725
13.909696,15.751827,13.571715
13.910173,15.752216,13.571701
13.910635,15.752573,13.571681
13.911083,15.752896,13.571656
13.911521,15.753186,13.571629
13.911943,15.753456,13.571595
13.912357,15.753706,13.571558
13.912764,15.753933,13.571518
13.9131565,15.754147,13.571475
13.913542,15.754342,13.571427
13.913917,15.754526,13.571376
13.914286,15.754697,13.5713215
13.914645,15.754857,13.571266
13.914998,15.755009,13.571205
13.915343,15.75515,13.571142
13.915682,15.755284,13.571075
13.916015,15.755411,13.571009
13.916337,15.75553,13.570939
13.916657,15.755646,13.570868
13.91697,15.755752,13.570792
13.917277,15.755857,13.570719
13.917579,15.755954,13.57064
13.917876,15.756049,13.5705595
13.918167,15.756141,13.57048
13.918454,15.756226,13.570398
13.918736,15.756311,13.570313
13.919013,15.756392,13.57023
13.919286,15.756469,13.570144
13.919555,15.756542,13.570057
13.91982,15.756616,13.569969
13.920079,15.756682,13.5698805
13.920339,15.756749,13.569793
13.462966,15.046494,13.181446
13.853753,15.692543,13.569287
13.888457,15.733407,13.580029
13.89799,15.739499,13.576424
13.901965,15.742272,13.574232
13.904031,15.744295,13.573284
13.905327,15.745908,13.572916
13.906276,15.747242,13.572786
13.907044,15.748359,13.572744
13.907708,15.749315,13.57273
13.908304,15.750141,13.5727215
13.9088545,15.750861,13.572711
13.909373,15.751494,13.572696
13.909864,15.752052,13.572675
13.910338,15.752548,13.572649
13.910792,15.752991,13.5726185
13.911236,15.753385,13.572586
13.911662,15.753739,13.572549
13.912082,15.754059,13.572509
13.912489,15.754348,13.572465
13.912888,15.754612,13.572418
13.913278,15.754853,13.572367
13.913656,15.755074,13.572315
13.914032,15.755275,13.57226
13.914396,15.755462,13.572201
13.914755,15.755633,13.572141
13.915106,15.755794,13.572076
13.915449,15.755941,13.572009
13.915786,15.756082,13.57194
13.916116,15.75621,13.571869
13.91644,15.756334,13.571795
13.916759,15.756448,13.57172
13.917071,15.7565565,13.571643
13.917377,15.756657,13.571564
13.917678,15.756756,13.571482
13.917975,15.756846,13.571397
13.918267,15.756935,13.571313
13.918553,15.757016,13.571227
13.918836,15.757096,13.57114
13.919112,15.757173,13.571053
13.919385,15.757244,13.570961
13.919653,15.757314,13.570873
13.919918,15.757382,13.570782
13.920178,15.757445,13.570688
13.920435,15.757506,13.570596
13.920687,15.757566,13.570502
13.920937,15.757622,13.570407
13.921183,15.757677,13.570312
13.446598,15.029895,13.169757
13.840375,15.679929,13.560002
13.876532,15.722355,13.571925
13.887159,15.729394,13.569171
13.892032,15.732879,13.567634
13.894845,15.735477,13.567204
13.896779,15.737576,13.567258
13.8982725,15.739324,13.567481
13.899516,15.740809,13.567739
13.900594,15.742094,13.567984
13.901556,15.743212,13.568201
13.9024315,15.744195,13.568389
13.903239,15.745067,13.568551
13.903993,15.745844,13.568689
13.904701,15.74654,13.568809
13.905373,15.747165,13.568909
13.906008,15.747733,13.5689945
13.90662,15.748248,13.569067
13.907204,15.748718,13.569124
13.907764,15.749146,13.569174
13.908303,15.74954,13.569214
13.908826,15.749904,13.5692425
13.909328,15.750242,13.569264
13.909818,15.750552,13.569278
13.910289,15.750843,13.569284
13.910748,15.751113,13.569284
13.911191,15.751367,13.569279
13.911626,15.751604,13.569266
13.912046,15.751826,13.569249
13.912457,15.752036,13.569225
13.912857,15.752237,13.569198
13.913247,15.752426,13.569165
13.913629,15.7526045,13.56913
13.914,15.752773,13.56909
13.914366,15.752936,13.569047
13.91472,15.753091,13.569001
13.915069,15.753239,13.568952
13.915409,15.753379,13.568899
13.915743,15.753514,13.568846
13.916072,15.753644,13.568788
13.916391,15.753769,13.5687275
13.916708,15.75389,13.568667
13.917017,15.754005,13.568604
13.91732,15.754118,13.568538
13.91762,15.754227,13.568471
13.9179125,15.754332,13.568401
13.918201,15.75443,13.568331
13.918486,15.754529,13.568261
13.456758,15.040126,13.177363
13.849544,15.689216,13.567127
13.884723,15.73055,13.578189
13.894572,15.736863,13.574766
13.898805,15.739797,13.572701
13.901086,15.741946,13.571855
13.902568,15.743669,13.57157
13.903676,15.745093,13.571509
13.904585,15.746296,13.571525
13.905371,15.747328,13.571563
13.906078,15.748222,13.5716
13.906731,15.749005,13.5716305
13.907336,15.749695,13.5716505
13.907908,15.750305,13.571664
13.908454,15.750847,13.571671
13.908976,15.751334,13.571669
13.909477,15.751771,13.57166
13.909963,15.752166,13.571648
13.910432,15.752522,13.57163
13.910889,15.752848,13.571607
13.911331,15.753144,13.571577
13.91176,15.753413,13.571547
13.912181,15.753664,13.571511
13.912592,15.753894,13.57147
13.91299,15.754106,13.571428
13.913381,15.754304,13.5713825
13.91376,15.754489,13.571332
13.914134,15.754662,13.571278
13.914497,15.754822,13.571223
13.914853,15.754972,13.571159
13.915201,15.755116,13.571099
13.915543,15.755252,13.5710335
13.915877,15.755377,13.570966
13.916205,15.755496,13.570896
13.916527,15.755612,13.570825
13.9168415,15.75572,13.570749
13.9171505,15.755823,13.570676
13.917457,15.755924,13.570598
13.917754,15.756018,13.5705185
13.918048,15.756108,13.570438
13.918338,15.756195,13.570357
13.91862,15.756278,13.570273
13.918901,15.75636,13.57019
13.919176,15.756436,13.570106
13.919446,15.756511,13.570016
13.919712,15.756581,13.569931
13.919975,15.756652,13.569842
13.920233,15.756717,13.569754
,,
,,
,,
,,
,,
,,
,,
,,
,,
,,
,,
,,
,,
,,
,,
,,
,,
,,
,,
,,
,,
,,
,,
,,
,,
,,
,,
,,
,,
,,
,,
,,
,,
,,
,,
,,
,,
,,
,,
,,
,,
,,
,,
,,
,,
,,
,,
,,
,,
,,
,,
,,
,,
,,
,,
,,
,,
,,
,,
,,
,,
,,
,,
,,
,,
,,
,,
,,
,,
,,
,,
,,
,,
,,
,,
,,
,,
,,
,,
,,
,,
,,
,,
,,
,,
,,
,,
,,
,,
,,
,,
,,
,,
,,
,,
,,
,,
,,
,,
,,
,,
,,
,,
,,
,,
,,
,,
,,
,,
,,
,,
,,
,,
,,
,,
,,
,,
,,
,,
,,
,,
,,
,,
,,
,,
,,
,,
,,
,,
,,
,,
,,
,,
,,
,,
,,
,,
,,
,,
,,
,,
,,
,,
,,
,,
,,
,,
,,
,,
,,
,,
,,
,,
,,
,,
,,
,,
,,
,,
,,
,,
,,
,,
,,
,,
,,
,,
,,
,,
,,
,,
,,
,,
,,
,,
,,
,,
,,
,,
,,
,,
,,
,,
,,
,,
,,
,,
,,
,,
,,
,,
,,
,,
,,
,,
,,
,,
,,
,,
,,
,,
,,
,,
,,
,,
,,
,,
,,
,,
,,
,,
,,
,,
,,
,,
,,
,,
,,
,,
,,
,,
,,
,,
,,
,,
,,
,,
,,
,,
,,
,,
,,
,,
,,
,,
,,
,,
,,
,,
,,
13.452516,15.037031,13.175167
13.846189,15.687495,13.565786
13.881766,15.72905,13.576983
13.891937,15.735445,13.573634
13.896439,15.738426,13.571628
13.898941,15.740611,13.5708275
13.900605,15.742366,13.5705805
13.901871,15.743817,13.570552
13.902911,15.745044,13.570598
13.903808,15.746098,13.570663
13.904607,15.747012,13.570723
13.905339,15.747813,13.570776
13.906015,15.748523,13.570816
13.906647,15.74915,13.5708475
13.907247,15.749712,13.570869
13.907817,15.750214,13.570882
13.908361,15.750663,13.5708885
13.908881,15.751074,13.570889
13.909385,15.751445,13.570884
13.909872,15.751784,13.570873
13.910342,15.752093,13.570857
13.9108,15.752374,13.570837
13.911242,15.752639,13.570812
13.911672,15.752881,13.570783
13.912088,15.753105,13.570749
13.9124975,15.753314,13.570709
13.912894,15.75351,13.570666
13.913284,15.753695,13.570624
13.913663,15.753864,13.570576
13.914033,15.754025,13.570526
13.914397,15.754179,13.57047
13.914752,15.754322,13.570412
13.915099,15.75446,13.570353
13.91544,15.754589,13.57029
13.915772,15.754713,13.570226
13.916098,15.75483,13.570157
13.916419,15.754945,13.570089
13.916735,15.755053,13.570018
13.917042,15.755156,13.569945
13.917348,15.755255,13.569869
13.917645,15.75535,13.569796
13.917937,15.755443,13.569717
13.918227,15.75553,13.569639
13.918511,15.755617,13.569559
13.918791,15.755699,13.569478
13.9190645,15.755777,13.569396
13.919335,15.7558565,13.569312
13.919601,15.755931,13.569229
,,
,,
,,
,,
,,
,,
,,
,,
,,
,,
,,
,,
,,
,,
,,
,,
,,
,,
,,
,,
,,
,,
,,
,,
,,
,,
,,
,,
,,
,,
,,
,,
,,
,,
,,
,,
,,
,,
,,
,,
,,
,,
,,
,,
,,
,,
,,
,,
,,
,,
,,
,,
,,
,,
,,
,,
,,
,,
,,
,,
,,
,,
,,
,,
,,
,,
,,
,,
,,
,,
,,
,,
,,
,,
,,
,,
,,
,,
,,
,,
,,
,,
,,
,,
,,
,,
,,
,,
,,
,,
,,
,,
,,
,,
,,
,,
